ENTITIES:
  - InfoComponent:
      UID: 6042260349840611439
      Name: Entity
      Parent: 0
    TransformComponent:
      Translate: [0, 1, 0]
      Rotate: [0, 0, 0]
      Scale: [1, 1, 1]
    ModelComponent:
      ModelID: 6147709962160563775
      MaterialID: 0
  - InfoComponent:
      UID: 18299148976802030936
      Name: Entity
      Parent: 0
    TransformComponent:
      Translate: [0, -1.5, 0]
      Rotate: [0, 0, 0]
      Scale: [0.00999999978, 0.00999999978, 0.00999999978]
    ModelComponent:
      ModelID: 12185416543001335231
      MaterialID: 11573253777835523025
    AnimatorComponent:
      Sequence: 0
      Time: 0
  - InfoComponent:
      UID: 3009173759421305309
      Name: Entity
      Parent: 0
    TransformComponent:
      Translate: [0, 0, 0]
      Rotate: [0, 0, 0]
      Scale: [1, 1, 1]
    SkyboxComponent:
      SkyboxID: 12730153547297182823
  - InfoComponent:
      UID: 9201024860084647067
      Name: Entity
      Parent: 0
    CameraComponent:
      NearPlane: 0.300000012
      FarPlane: 1000
      FOV: 45
    TransformComponent:
      Translate: [0, 0, 0]
      Rotate: [0, 0, 0]
      Scale: [1, 1, 1]