ENTITIES:
  - InfoComponent:
      UID: 1226985496208570116
      Name: Entity
      Parent: 0
    TransformComponent:
      Translate: [0, 1, 0]
      Rotate: [0, 0, 0]
      Scale: [1, 1, 1]
    ModelComponent:
      ModelID: 3067678113945407929
      MaterialID: 0
  - InfoComponent:
      UID: 6954704741026779398
      Name: Entity
      Parent: 0
    TransformComponent:
      Translate: [0, -1.5, 0]
      Rotate: [0, 0, 0]
      Scale: [0.00999999978, 0.00999999978, 0.00999999978]
    ModelComponent:
      ModelID: 11741704203182196271
      MaterialID: 18038525407534571533
    AnimatorComponent:
      Sequence: 0
      Time: 0
  - InfoComponent:
      UID: 6307070466269402321
      Name: Entity
      Parent: 0
    TransformComponent:
      Translate: [0, 0, 0]
      Rotate: [0, 0, 0]
      Scale: [1, 1, 1]
    SkyboxComponent:
      SkyboxID: 1412194072001352758
  - InfoComponent:
      UID: 9734215352592810498
      Name: Entity
      Parent: 0
    CameraComponent:
      NearPlane: 0.300000012
      FarPlane: 1000
      FOV: 45
    TransformComponent:
      Translate: [0, 0, 0]
      Rotate: [0, 0, 0]
      Scale: [1, 1, 1]