ENTITIES:
  - InfoComponent:
      UID: 14919007428279300761
      Name: Entity
      Parent: 0
    TransformComponent:
      Translate: [0, 1, 0]
      Rotate: [0, 0, 0]
      Scale: [1, 1, 1]
    ModelComponent:
      ModelID: 140263375784028506
      MaterialID: 0
  - InfoComponent:
      UID: 17562922497811980862
      Name: Entity
      Parent: 0
    TransformComponent:
      Translate: [0, -1.5, 0]
      Rotate: [0, 0, 0]
      Scale: [0.00999999978, 0.00999999978, 0.00999999978]
    ModelComponent:
      ModelID: 16170812728470634784
      MaterialID: 7916596350119507439
    AnimatorComponent:
      Sequence: 0
      Time: 0
  - InfoComponent:
      UID: 15018713233857870290
      Name: Entity
      Parent: 0
    TransformComponent:
      Translate: [0, 0, 0]
      Rotate: [0, 0, 0]
      Scale: [1, 1, 1]
    SkyboxComponent:
      SkyboxID: 9633634175002743583
  - InfoComponent:
      UID: 964346325590785875
      Name: Entity
      Parent: 0
    CameraComponent:
      NearPlane: 0.300000012
      FarPlane: 1000
      FOV: 45
    TransformComponent:
      Translate: [0, 0, 0]
      Rotate: [0, 0, 0]
      Scale: [1, 1, 1]