ENTITIES:
  - InfoComponent:
      UID: 3410722787549090986
      Name: Entity
      Parent: 0
    TransformComponent:
      Translate: [0, 1, 0]
      Rotate: [0, 0, 0]
      Scale: [1, 1, 1]
    ModelComponent:
      ModelID: 2006831350890209975
      MaterialID: 0
  - InfoComponent:
      UID: 4590023732846341199
      Name: Entity
      Parent: 0
    TransformComponent:
      Translate: [0, -1.5, 0]
      Rotate: [0, 0, 0]
      Scale: [0.00999999978, 0.00999999978, 0.00999999978]
    ModelComponent:
      ModelID: 5097432151053938507
      MaterialID: 10330170779942692173
    AnimatorComponent:
      Sequence: 0
      Time: 0
  - InfoComponent:
      UID: 15205711036868678519
      Name: Entity
      Parent: 0
    TransformComponent:
      Translate: [0, 0, 0]
      Rotate: [0, 0, 0]
      Scale: [1, 1, 1]
    SkyboxComponent:
      SkyboxID: 10334339714971048696
  - InfoComponent:
      UID: 233199632759088869
      Name: Entity
      Parent: 0
    CameraComponent:
      NearPlane: 0.300000012
      FarPlane: 1000
      FOV: 45
    TransformComponent:
      Translate: [0, 0, 0]
      Rotate: [0, 0, 0]
      Scale: [1, 1, 1]