ENTITIES:
  - InfoComponent:
      UID: 11272854843972852078
      Name: Entity
      Parent: 0
    TransformComponent:
      Translate: [0, 1, 0]
      Rotate: [0, 0, 0]
      Scale: [1, 1, 1]
    ModelComponent:
      ModelID: 10249278444382655653
      MaterialID: 0
  - InfoComponent:
      UID: 10313665148235613253
      Name: Entity
      Parent: 0
    TransformComponent:
      Translate: [0, -1.5, 0]
      Rotate: [0, 0, 0]
      Scale: [0.00999999978, 0.00999999978, 0.00999999978]
    ModelComponent:
      ModelID: 17985838192235767249
      MaterialID: 6129135916930591754
    AnimatorComponent:
      Sequence: 0
      Time: 0
  - InfoComponent:
      UID: 15226823350517851043
      Name: Entity
      Parent: 0
    TransformComponent:
      Translate: [0, 0, 0]
      Rotate: [0, 0, 0]
      Scale: [1, 1, 1]
    SkyboxComponent:
      SkyboxID: 12885354501848774709
  - InfoComponent:
      UID: 6683478425828026518
      Name: Entity
      Parent: 0
    CameraComponent:
      NearPlane: 0.300000012
      FarPlane: 1000
      FOV: 45
    TransformComponent:
      Translate: [0, 0, 0]
      Rotate: [0, 0, 0]
      Scale: [1, 1, 1]