ENTITIES:
  - InfoComponent:
      UID: 6972648200273416734
      Name: Entity
      Parent: 0
    TransformComponent:
      Translate: [0, 1, 0]
      Rotate: [0, 0, 0]
      Scale: [1, 1, 1]
    ModelComponent:
      ModelID: 3376681567339213020
      MaterialID: 0
  - InfoComponent:
      UID: 3797533601966005171
      Name: Entity
      Parent: 0
    TransformComponent:
      Translate: [0, -1.5, 0]
      Rotate: [0, 0, 0]
      Scale: [0.00999999978, 0.00999999978, 0.00999999978]
    ModelComponent:
      ModelID: 18152921719849407679
      MaterialID: 12265583759384245998
    AnimatorComponent:
      Sequence: 0
      Time: 0
  - InfoComponent:
      UID: 8536460972771853413
      Name: Entity
      Parent: 0
    TransformComponent:
      Translate: [0, 0, 0]
      Rotate: [0, 0, 0]
      Scale: [1, 1, 1]
    SkyboxComponent:
      SkyboxID: 15175501329915013583
  - InfoComponent:
      UID: 10191140759882631574
      Name: Entity
      Parent: 0
    CameraComponent:
      NearPlane: 0.300000012
      FarPlane: 1000
      FOV: 45
    TransformComponent:
      Translate: [0, 0, 0]
      Rotate: [0, 0, 0]
      Scale: [1, 1, 1]