ENTITIES:
  - InfoComponent:
      UID: 8503971142273490858
      Name: Entity
      Parent: 0
    TransformComponent:
      Translate: [0, 1, 0]
      Rotate: [0, 0, 0]
      Scale: [1, 1, 1]
    ModelComponent:
      ModelID: 13614968395115776163
      MaterialID: 0
  - InfoComponent:
      UID: 11652620026885700042
      Name: Entity
      Parent: 0
    TransformComponent:
      Translate: [0, -1.5, 0]
      Rotate: [0, 0, 0]
      Scale: [0.00999999978, 0.00999999978, 0.00999999978]
    ModelComponent:
      ModelID: 17166613576949040712
      MaterialID: 9337215217350262917
    AnimatorComponent:
      Sequence: 0
      Time: 0
  - InfoComponent:
      UID: 10961945058033765451
      Name: Entity
      Parent: 0
    TransformComponent:
      Translate: [0, 0, 0]
      Rotate: [0, 0, 0]
      Scale: [1, 1, 1]
    SkyboxComponent:
      SkyboxID: 9592839479864068437
  - InfoComponent:
      UID: 4901728383383824755
      Name: Entity
      Parent: 0
    CameraComponent:
      NearPlane: 0.300000012
      FarPlane: 1000
      FOV: 45
    TransformComponent:
      Translate: [0, 0, 0]
      Rotate: [0, 0, 0]
      Scale: [1, 1, 1]