ENTITIES:
  - InfoComponent:
      UID: 7863038872391912323
      Name: Entity
      Parent: 0
    TransformComponent:
      Translate: [0, 1, 0]
      Rotate: [0, 0, 0]
      Scale: [1, 1, 1]
    ModelComponent:
      ModelID: 6740329721901423739
      MaterialID: 0
  - InfoComponent:
      UID: 13366546013130156965
      Name: Entity
      Parent: 0
    TransformComponent:
      Translate: [0, -1.5, 0]
      Rotate: [0, 0, 0]
      Scale: [0.00999999978, 0.00999999978, 0.00999999978]
    ModelComponent:
      ModelID: 9439169170617164205
      MaterialID: 1800238989962405605
    AnimatorComponent:
      Sequence: 0
      Time: 0
  - InfoComponent:
      UID: 11132850993654827605
      Name: Entity
      Parent: 0
    TransformComponent:
      Translate: [0, 0, 0]
      Rotate: [0, 0, 0]
      Scale: [1, 1, 1]
    SkyboxComponent:
      SkyboxID: 725357784782922478
  - InfoComponent:
      UID: 4597085993435599429
      Name: Entity
      Parent: 0
    CameraComponent:
      NearPlane: 0.300000012
      FarPlane: 1000
      FOV: 45
    TransformComponent:
      Translate: [0, 0, 0]
      Rotate: [0, 0, 0]
      Scale: [1, 1, 1]