ENTITIES:
  - InfoComponent:
      UID: 8927011118534729420
      Name: Entity
      Parent: 0
    TransformComponent:
      Translate: [0, 1, 0]
      Rotate: [0, 0, 0]
      Scale: [1, 1, 1]
    ModelComponent:
      ModelID: 10517905368948456922
      MaterialID: 0
  - InfoComponent:
      UID: 5425972982231652961
      Name: Entity
      Parent: 0
    TransformComponent:
      Translate: [0, -1.5, 0]
      Rotate: [0, 0, 0]
      Scale: [0.00999999978, 0.00999999978, 0.00999999978]
    ModelComponent:
      ModelID: 761786268457231320
      MaterialID: 3304655028222853964
    AnimatorComponent:
      Sequence: 0
      Time: 0
  - InfoComponent:
      UID: 6598270451539718284
      Name: Entity
      Parent: 0
    TransformComponent:
      Translate: [0, 0, 0]
      Rotate: [0, 0, 0]
      Scale: [1, 1, 1]
    SkyboxComponent:
      SkyboxID: 2523307954809877564
  - InfoComponent:
      UID: 14100873445127826272
      Name: Entity
      Parent: 0
    CameraComponent:
      NearPlane: 0.300000012
      FarPlane: 1000
      FOV: 45
    TransformComponent:
      Translate: [0, 0, 0]
      Rotate: [0, 0, 0]
      Scale: [1, 1, 1]