ENTITIES:
  - InfoComponent:
      UID: 8434644715839038270
      Name: Entity
      Parent: 0
    TransformComponent:
      Translate: [0, 1, 0]
      Rotate: [0, 0, 0]
      Scale: [1, 1, 1]
    ModelComponent:
      ModelID: 10743406230578044814
      MaterialID: 0
  - InfoComponent:
      UID: 13781275032534477595
      Name: Entity
      Parent: 0
    TransformComponent:
      Translate: [0, -1.5, 0]
      Rotate: [0, 0, 0]
      Scale: [0.00999999978, 0.00999999978, 0.00999999978]
    ModelComponent:
      ModelID: 5066772843554566234
      MaterialID: 2340219668922644584
    AnimatorComponent:
      Sequence: 0
      Time: 0
  - InfoComponent:
      UID: 1035482898701894784
      Name: Entity
      Parent: 0
    TransformComponent:
      Translate: [0, 0, 0]
      Rotate: [0, 0, 0]
      Scale: [1, 1, 1]
    SkyboxComponent:
      SkyboxID: 7228257999393952278
  - InfoComponent:
      UID: 4110745846279194371
      Name: Entity
      Parent: 0
    CameraComponent:
      NearPlane: 0.300000012
      FarPlane: 1000
      FOV: 45
    TransformComponent:
      Translate: [0, 0, 0]
      Rotate: [0, 0, 0]
      Scale: [1, 1, 1]