ENTITIES:
  - InfoComponent:
      UID: 8117265335682983481
      Name: Entity
      Parent: 0
    TransformComponent:
      Translate: [0, 1, 0]
      Rotate: [0, 0, 0]
      Scale: [1, 1, 1]
    ModelComponent:
      ModelID: 17347978575327716218
      MaterialID: 0
  - InfoComponent:
      UID: 8705715923311466561
      Name: Entity
      Parent: 0
    TransformComponent:
      Translate: [0, -1.5, 0]
      Rotate: [0, 0, 0]
      Scale: [0.00999999978, 0.00999999978, 0.00999999978]
    ModelComponent:
      ModelID: 5584338851986447839
      MaterialID: 12330996586371591685
    AnimatorComponent:
      Sequence: 0
      Time: 0
  - InfoComponent:
      UID: 8961523714465219315
      Name: Entity
      Parent: 0
    TransformComponent:
      Translate: [0, 0, 0]
      Rotate: [0, 0, 0]
      Scale: [1, 1, 1]
    SkyboxComponent:
      SkyboxID: 8919560984780897588
  - InfoComponent:
      UID: 5141570865986915990
      Name: Entity
      Parent: 0
    CameraComponent:
      NearPlane: 0.300000012
      FarPlane: 1000
      FOV: 45
    TransformComponent:
      Translate: [0, 0, 0]
      Rotate: [0, 0, 0]
      Scale: [1, 1, 1]