ENTITIES:
  - InfoComponent:
      UID: 1299856127946654886
      Name: Entity
      Parent: 0
    TransformComponent:
      Translate: [0, 1, 0]
      Rotate: [0, 0, 0]
      Scale: [1, 1, 1]
    ModelComponent:
      ModelID: 11295370325815927392
      MaterialID: 0
  - InfoComponent:
      UID: 15576081043149796208
      Name: Entity
      Parent: 0
    TransformComponent:
      Translate: [0, -1.5, 0]
      Rotate: [0, 0, 0]
      Scale: [0.00999999978, 0.00999999978, 0.00999999978]
    ModelComponent:
      ModelID: 1841178249374328822
      MaterialID: 6412011644395130431
    AnimatorComponent:
      Sequence: 0
      Time: 0
  - InfoComponent:
      UID: 9633564795842019448
      Name: Entity
      Parent: 0
    TransformComponent:
      Translate: [0, 0, 0]
      Rotate: [0, 0, 0]
      Scale: [1, 1, 1]
    SkyboxComponent:
      SkyboxID: 5254338728309916167
  - InfoComponent:
      UID: 6154181294690175140
      Name: Entity
      Parent: 0
    CameraComponent:
      NearPlane: 0.300000012
      FarPlane: 1000
      FOV: 45
    TransformComponent:
      Translate: [0, 0, 0]
      Rotate: [0, 0, 0]
      Scale: [1, 1, 1]