ENTITIES:
  - InfoComponent:
      UID: 15632541977651712891
      Name: Entity
      Parent: 0
    TransformComponent:
      Translate: [0, 1, 0]
      Rotate: [0, 0, 0]
      Scale: [1, 1, 1]
    ModelComponent:
      ModelID: 15993682052541333744
      MaterialID: 0
  - InfoComponent:
      UID: 3674991720147852725
      Name: Entity
      Parent: 0
    TransformComponent:
      Translate: [0, -1.5, 0]
      Rotate: [0, 0, 0]
      Scale: [0.00999999978, 0.00999999978, 0.00999999978]
    ModelComponent:
      ModelID: 11449901319161743517
      MaterialID: 2380385853699630527
    AnimatorComponent:
      Sequence: 0
      Time: 0
  - InfoComponent:
      UID: 1864827207525887717
      Name: Entity
      Parent: 0
    TransformComponent:
      Translate: [0, 0, 0]
      Rotate: [0, 0, 0]
      Scale: [1, 1, 1]
    SkyboxComponent:
      SkyboxID: 1474623878112162682
  - InfoComponent:
      UID: 10107959819587684161
      Name: Entity
      Parent: 0
    CameraComponent:
      NearPlane: 0.300000012
      FarPlane: 1000
      FOV: 45
    TransformComponent:
      Translate: [0, 0, 0]
      Rotate: [0, 0, 0]
      Scale: [1, 1, 1]