ENTITIES:
  - InfoComponent:
      UID: 14318286789686616554
      Name: Entity
      Parent: 0
    TransformComponent:
      Translate: [0, 1, 0]
      Rotate: [0, 0, 0]
      Scale: [1, 1, 1]
    ModelComponent:
      ModelID: 16106995934377723377
      MaterialID: 0
  - InfoComponent:
      UID: 1404737619236301415
      Name: Entity
      Parent: 0
    TransformComponent:
      Translate: [0, -1.5, 0]
      Rotate: [0, 0, 0]
      Scale: [0.00999999978, 0.00999999978, 0.00999999978]
    ModelComponent:
      ModelID: 15400697499540810005
      MaterialID: 10176662338859945827
    AnimatorComponent:
      Sequence: 0
      Time: 0
  - InfoComponent:
      UID: 579734414583450525
      Name: Entity
      Parent: 0
    TransformComponent:
      Translate: [0, 0, 0]
      Rotate: [0, 0, 0]
      Scale: [1, 1, 1]
    SkyboxComponent:
      SkyboxID: 11087702601491778420
  - InfoComponent:
      UID: 11181823654894301464
      Name: Entity
      Parent: 0
    CameraComponent:
      NearPlane: 0.300000012
      FarPlane: 1000
      FOV: 45
    TransformComponent:
      Translate: [0, 0, 0]
      Rotate: [0, 0, 0]
      Scale: [1, 1, 1]