ENTITIES:
  - InfoComponent:
      UID: 1772780047291235997
      Name: Entity
      Parent: 0
    TransformComponent:
      Translate: [0, 1, 0]
      Rotate: [0, 0, 0]
      Scale: [1, 1, 1]
    ModelComponent:
      ModelID: 11667059988962764778
      MaterialID: 0
  - InfoComponent:
      UID: 9787628056234978120
      Name: Entity
      Parent: 0
    TransformComponent:
      Translate: [0, -1.5, 0]
      Rotate: [0, 0, 0]
      Scale: [0.00999999978, 0.00999999978, 0.00999999978]
    ModelComponent:
      ModelID: 8724119187661116985
      MaterialID: 3193520479985900922
    AnimatorComponent:
      Sequence: 0
      Time: 0
  - InfoComponent:
      UID: 4905666549492822857
      Name: Entity
      Parent: 0
    TransformComponent:
      Translate: [0, 0, 0]
      Rotate: [0, 0, 0]
      Scale: [1, 1, 1]
    SkyboxComponent:
      SkyboxID: 9128646214913012278
  - InfoComponent:
      UID: 10440112351232474968
      Name: Entity
      Parent: 0
    CameraComponent:
      NearPlane: 0.300000012
      FarPlane: 1000
      FOV: 45
    TransformComponent:
      Translate: [0, 0, 0]
      Rotate: [0, 0, 0]
      Scale: [1, 1, 1]