ENTITIES:
  - InfoComponent:
      UID: 1163973159606767707
      Name: Entity
      Parent: 0
    TransformComponent:
      Translate: [0, 1, 0]
      Rotate: [0, 0, 0]
      Scale: [1, 1, 1]
    ModelComponent:
      ModelID: 555310446608474956
      MaterialID: 0
  - InfoComponent:
      UID: 10056727216936156453
      Name: Entity
      Parent: 0
    TransformComponent:
      Translate: [0, -1.5, 0]
      Rotate: [0, 0, 0]
      Scale: [0.00999999978, 0.00999999978, 0.00999999978]
    ModelComponent:
      ModelID: 10288746231157767567
      MaterialID: 1987653831831444292
    AnimatorComponent:
      Sequence: 0
      Time: 0
  - InfoComponent:
      UID: 2368242894752512452
      Name: Entity
      Parent: 0
    TransformComponent:
      Translate: [0, 0, 0]
      Rotate: [0, 0, 0]
      Scale: [1, 1, 1]
    SkyboxComponent:
      SkyboxID: 11859265184998924662
  - InfoComponent:
      UID: 10816278025224076144
      Name: Entity
      Parent: 0
    CameraComponent:
      NearPlane: 0.300000012
      FarPlane: 1000
      FOV: 45
    TransformComponent:
      Translate: [0, 0, 0]
      Rotate: [0, 0, 0]
      Scale: [1, 1, 1]