ENTITIES:
  - InfoComponent:
      UID: 7934736297461039249
      Name: Entity
      Parent: 0
    TransformComponent:
      Translate: [0, 1, 0]
      Rotate: [0, 0, 0]
      Scale: [1, 1, 1]
    ModelComponent:
      ModelID: 8228158800390742507
      MaterialID: 0
  - InfoComponent:
      UID: 7459108959763272110
      Name: Entity
      Parent: 0
    TransformComponent:
      Translate: [0, -1.5, 0]
      Rotate: [0, 0, 0]
      Scale: [0.00999999978, 0.00999999978, 0.00999999978]
    ModelComponent:
      ModelID: 740272037069434578
      MaterialID: 15139524357231598735
    AnimatorComponent:
      Sequence: 0
      Time: 0
  - InfoComponent:
      UID: 13931338875879713637
      Name: Entity
      Parent: 0
    TransformComponent:
      Translate: [0, 0, 0]
      Rotate: [0, 0, 0]
      Scale: [1, 1, 1]
    SkyboxComponent:
      SkyboxID: 2580715282798328157
  - InfoComponent:
      UID: 7329501425904746554
      Name: Entity
      Parent: 0
    CameraComponent:
      NearPlane: 0.300000012
      FarPlane: 1000
      FOV: 45
    TransformComponent:
      Translate: [0, 0, 0]
      Rotate: [0, 0, 0]
      Scale: [1, 1, 1]