ENTITIES:
  - InfoComponent:
      UID: 8275769764299183682
      Name: Entity
      Parent: 0
    TransformComponent:
      Translate: [0, 1, 0]
      Rotate: [0, 0, 0]
      Scale: [1, 1, 1]
    ModelComponent:
      ModelID: 16537324946740926479
      MaterialID: 0
  - InfoComponent:
      UID: 7723917861060117124
      Name: Entity
      Parent: 0
    TransformComponent:
      Translate: [0, -1.5, 0]
      Rotate: [0, 0, 0]
      Scale: [0.00999999978, 0.00999999978, 0.00999999978]
    ModelComponent:
      ModelID: 7414872898456974834
      MaterialID: 5459845556995931046
    AnimatorComponent:
      Sequence: 0
      Time: 0
  - InfoComponent:
      UID: 13367642486847105898
      Name: Entity
      Parent: 0
    TransformComponent:
      Translate: [0, 0, 0]
      Rotate: [0, 0, 0]
      Scale: [1, 1, 1]
    SkyboxComponent:
      SkyboxID: 1611577578599763263
  - InfoComponent:
      UID: 14245030195624412445
      Name: Entity
      Parent: 0
    CameraComponent:
      NearPlane: 0.300000012
      FarPlane: 1000
      FOV: 45
    TransformComponent:
      Translate: [0, 0, 0]
      Rotate: [0, 0, 0]
      Scale: [1, 1, 1]