ENTITIES:
  - InfoComponent:
      UID: 5616450444617155299
      Name: Entity
      Parent: 0
    TransformComponent:
      Translate: [0, 1, 0]
      Rotate: [0, 0, 0]
      Scale: [1, 1, 1]
    ModelComponent:
      ModelID: 8711384233588492103
      MaterialID: 0
  - InfoComponent:
      UID: 12178337803662370876
      Name: Entity
      Parent: 0
    TransformComponent:
      Translate: [0, -1.5, 0]
      Rotate: [0, 0, 0]
      Scale: [0.00999999978, 0.00999999978, 0.00999999978]
    ModelComponent:
      ModelID: 5708403287610533658
      MaterialID: 411419921121499243
    AnimatorComponent:
      Sequence: 0
      Time: 0
  - InfoComponent:
      UID: 5870006439851315312
      Name: Entity
      Parent: 0
    TransformComponent:
      Translate: [0, 0, 0]
      Rotate: [0, 0, 0]
      Scale: [1, 1, 1]
    SkyboxComponent:
      SkyboxID: 720345975719821118
  - InfoComponent:
      UID: 8343430827156915734
      Name: Entity
      Parent: 0
    CameraComponent:
      NearPlane: 0.300000012
      FarPlane: 1000
      FOV: 45
    TransformComponent:
      Translate: [0, 0, 0]
      Rotate: [0, 0, 0]
      Scale: [1, 1, 1]