ENTITIES:
  - InfoComponent:
      UID: 2142528764594260924
      Name: Entity
      Parent: 0
    TransformComponent:
      Translate: [0, 1, 0]
      Rotate: [0, 0, 0]
      Scale: [1, 1, 1]
    ModelComponent:
      ModelID: 3713151985393857148
      MaterialID: 0
  - InfoComponent:
      UID: 10202336820522329266
      Name: Entity
      Parent: 0
    TransformComponent:
      Translate: [0, -1.5, 0]
      Rotate: [0, 0, 0]
      Scale: [0.00999999978, 0.00999999978, 0.00999999978]
    ModelComponent:
      ModelID: 4349250832811359201
      MaterialID: 11795964796254319498
    AnimatorComponent:
      Sequence: 0
      Time: 0
  - InfoComponent:
      UID: 11823822194276306726
      Name: Entity
      Parent: 0
    TransformComponent:
      Translate: [0, 0, 0]
      Rotate: [0, 0, 0]
      Scale: [1, 1, 1]
    SkyboxComponent:
      SkyboxID: 13162636062051360340
  - InfoComponent:
      UID: 4313285466367763969
      Name: Entity
      Parent: 0
    CameraComponent:
      NearPlane: 0.300000012
      FarPlane: 1000
      FOV: 45
    TransformComponent:
      Translate: [0, 0, 0]
      Rotate: [0, 0, 0]
      Scale: [1, 1, 1]