ENTITIES:
  - InfoComponent:
      UID: 3596216532978402959
      Name: Entity
      Parent: 0
    TransformComponent:
      Translate: [0, 1, 0]
      Rotate: [0, 0, 0]
      Scale: [1, 1, 1]
    ModelComponent:
      ModelID: 5089175937307334627
      MaterialID: 0
  - InfoComponent:
      UID: 10887057346669122098
      Name: Entity
      Parent: 0
    TransformComponent:
      Translate: [0, -1.5, 0]
      Rotate: [0, 0, 0]
      Scale: [0.00999999978, 0.00999999978, 0.00999999978]
    ModelComponent:
      ModelID: 8201569951277522914
      MaterialID: 10045552976226610923
    AnimatorComponent:
      Sequence: 0
      Time: 0
  - InfoComponent:
      UID: 13028358222152703019
      Name: Entity
      Parent: 0
    TransformComponent:
      Translate: [0, 0, 0]
      Rotate: [0, 0, 0]
      Scale: [1, 1, 1]
    SkyboxComponent:
      SkyboxID: 12809369413422927724
  - InfoComponent:
      UID: 15735012165655277477
      Name: Entity
      Parent: 0
    CameraComponent:
      NearPlane: 0.300000012
      FarPlane: 1000
      FOV: 45
    TransformComponent:
      Translate: [0, 0, 0]
      Rotate: [0, 0, 0]
      Scale: [1, 1, 1]