ENTITIES:
  - InfoComponent:
      UID: 15176096894249387574
      Name: Entity
      Parent: 0
    TransformComponent:
      Translate: [0, 1, 0]
      Rotate: [0, 0, 0]
      Scale: [1, 1, 1]
    ModelComponent:
      ModelID: 13005845586107361771
      MaterialID: 0
  - InfoComponent:
      UID: 2476357457333654191
      Name: Entity
      Parent: 0
    TransformComponent:
      Translate: [0, -1.5, 0]
      Rotate: [0, 0, 0]
      Scale: [0.00999999978, 0.00999999978, 0.00999999978]
    ModelComponent:
      ModelID: 10368974217633273943
      MaterialID: 7780875590399202456
    AnimatorComponent:
      Sequence: 0
      Time: 0
  - InfoComponent:
      UID: 15960416961976492676
      Name: Entity
      Parent: 0
    TransformComponent:
      Translate: [0, 0, 0]
      Rotate: [0, 0, 0]
      Scale: [1, 1, 1]
    SkyboxComponent:
      SkyboxID: 10697271540913721324
  - InfoComponent:
      UID: 149721177633775742
      Name: Entity
      Parent: 0
    CameraComponent:
      NearPlane: 0.300000012
      FarPlane: 1000
      FOV: 45
    TransformComponent:
      Translate: [0, 0, 0]
      Rotate: [0, 0, 0]
      Scale: [1, 1, 1]